50 364.358 0 7491.16
100 727.842 0 7464.68
150 1089.6 0 7420.61
200 1448.78 0 7359.06
250 1804.53 0 7280.17
300 2156.03 0 7184.13
350 2502.44 0 7071.17
400 2842.95 0 6941.54
450 3176.76 0 6795.56
500 3503.08 0 6633.57
550 3821.15 0 6455.95
600 4130.22 0 6263.12
650 4429.56 0 6055.53
700 4718.46 0 5833.66
750 4996.24 0 5598.05
800 5262.25 0 5349.24
850 5515.87 0 5087.83
900 5756.48 0 4814.42
950 5983.54 0 4529.66
1000 6196.49 0 4234.22
1050 6394.83 0 3928.8
1100 6578.11 0 3614.12
1150 6745.87 0 3290.92
1200 6897.74 0 2959.97
1250 7033.34 0 2622.03
1300 7152.36 0 2277.92
1350 7254.52 0 1928.45
1400 7339.57 0 1574.43
1450 7407.31 0 1216.71
1500 7457.59 0 856.13
1550 7490.28 0 493.544
1600 7505.3 0 129.81
1650 7502.62 0 -234.214
1700 7482.25 0 -597.668
1750 7444.24 0 -959.691
1800 7388.67 0 -1319.43
1850 7315.67 0 -1676.03
1900 7225.42 0 -2028.65
1950 7118.13 0 -2376.46
2000 6994.06 0 -2718.63
2050 6853.49 0 -3054.36
2100 6696.77 0 -3382.85
2150 6524.25 0 -3703.33
2200 6336.35 0 -4015.04
2250 6133.52 0 -4317.23
2300 5916.22 0 -4609.2
2350 5684.97 0 -4890.26
2400 5440.32 0 -5159.74
2450 5182.85 0 -5417.01
2500 4913.15 0 -5661.44
2550 4631.88 0 -5892.48
2600 4339.68 0 -6109.56
2650 4037.25 0 -6312.17
2700 3725.31 0 -6499.83
2750 3404.58 0 -6672.1
2800 3075.82 0 -6828.56
2850 2739.81 0 -6968.84
2900 2397.34 0 -7092.6
2950 2049.22 0 -7199.55
3000 1696.27 0 -7289.42
3050 1339.32 0 -7362.01
3100 979.219 0 -7417.12
3150 616.816 0 -7454.62
3200 252.969 0 -7474.41
3250 -111.46 0 -7476.45
3300 -475.608 0 -7460.7
3350 -838.61 0 -7427.21
3400 -1199.6 0 -7376.04
3450 -1557.73 0 -7307.31
3500 -1912.13 0 -7221.16
3550 -2261.97 0 -7117.78
3600 -2606.4 0 -6997.42
3650 -2944.6 0 -6860.35
3700 -3275.77 0 -6706.89
3750 -3599.1 0 -6537.38
3800 -3913.81 0 -6352.22
3850 -4219.15 0 -6151.85
3900 -4514.38 0 -5936.73
3950 -4798.78 0 -5707.37
4000 -5071.66 0 -5464.3
4050 -5332.36 0 -5208.1
4100 -5580.23 0 -4939.37
4150 -5814.69 0 -4658.75
4200 -6035.14 0 -4366.92
4250 -6241.05 0 -4064.55
4300 -6431.9 0 -3752.38
4350 -6607.24 0 -3431.16
4400 -6766.61 0 -3101.65
4450 -6909.63 0 -2764.64
4500 -7035.93 0 -2420.94
4550 -7145.2 0 -2071.4
4600 -7237.17 0 -1716.84
4650 -7311.59 0 -1358.13
4700 -7368.28 0 -996.131
4750 -7407.09 0 -631.731
4800 -7427.92 0 -265.811
4850 -7430.7 0 100.738
4900 -7415.41 0 467.023
4950 -7382.1 0 832.153
5000 -7330.83 0 1195.24
5050 -7261.72 0 1555.38
5100 -7174.94 0 1911.72
5150 -7070.68 0 2263.37
5200 -6949.2 0 2609.47
5250 -6810.8 0 2949.19
5300 -6655.8 0 3281.68
5350 -6484.58 0 3606.14
5400 -6297.55 0 3921.76
5450 -6095.18 0 4227.79
5500 -5877.95 0 4523.46
5550 -5646.4 0 4808.06
5600 -5401.08 0 5080.88
5650 -5142.6 0 5341.27
5700 -4871.59 0 5588.59
5750 -4588.71 0 5822.23
5800 -4294.64 0 6041.61
5850 -3990.12 0 6246.22
5900 -3675.87 0 6435.54
5950 -3352.68 0 6609.12
6000 -3021.32 0 6766.53
6050 -2682.62 0 6907.39
6100 -2337.38 0 7031.36
6150 -1986.47 0 7138.13
6200 -1630.72 0 7227.45
6250 -1271.02 0 7299.1
6300 -908.235 0 7352.91
6350 -543.254 0 7388.74
6400 -176.966 0 7406.51
6450 189.735 0 7406.18
6500 555.956 0 7387.74
6550 920.804 0 7351.25
6600 1283.39 0 7296.79
6650 1642.83 0 7224.5
6700 1998.24 0 7134.56
6750 2348.76 0 7027.17
6800 2693.54 0 6902.61
6850 3031.73 0 6761.18
6900 3362.51 0 6603.22
6950 3685.06 0 6429.12
7000 3998.61 0 6239.3
7050 4302.39 0 6034.22
7100 4595.65 0 5814.4
7150 4877.67 0 5580.35
7200 5147.77 0 5332.66
7250 5405.29 0 5071.92
7300 5649.6 0 4798.79
7350 5880.09 0 4513.91
7400 6096.2 0 4217.99
7450 6297.4 0 3911.75
7500 6483.2 0 3595.95
7550 6653.15 0 3271.35
7600 6806.82 0 2938.75
7650 6943.84 0 2598.96
7700 7063.87 0 2252.82
7750 7166.62 0 1901.17
7800 7251.83 0 1544.88
7850 7319.3 0 1184.81
7900 7368.86 0 821.859
7950 7400.38 0 456.909
8000 7413.8 0 90.8552
8050 7409.06 0 -275.403
8100 7386.2 0 -640.968
8150 7345.26 0 -1004.94
8200 7286.34 0 -1366.43
8250 7209.59 0 -1724.55
8300 7115.2 0 -2078.42
8350 7003.39 0 -2427.18
8400 6874.44 0 -2769.96
8450 6728.68 0 -3105.92
8500 6566.44 0 -3434.25
8550 6388.14 0 -3754.14
8600 6194.21 0 -4064.79
8650 5985.12 0 -4365.46
8700 5761.39 0 -4655.39
8750 5523.57 0 -4933.89
8800 5272.22 0 -5200.26
8850 5007.98 0 -5453.85
8900 4731.49 0 -5694.04
8950 4443.42 0 -5920.23
9000 4144.48 0 -6131.88
9050 3835.4 0 -6328.45
9100 3516.94 0 -6509.47
9150 3189.87 0 -6674.49
9200 2854.99 0 -6823.09
9250 2513.13 0 -6954.91
9300 2165.12 0 -7069.62
9350 1811.81 0 -7166.93
9400 1454.07 0 -7246.59
9450 1092.78 0 -7308.41
9500 728.823 0 -7352.23
9550 363.09 0 -7377.92
9600 -3.51799 0 -7385.42
9650 -370.099 0 -7374.7
9700 -735.751 0 -7345.77
9750 -1099.57 0 -7298.7
9800 -1460.66 0 -7233.58
9850 -1818.13 0 -7150.58
9900 -2171.09 0 -7049.88
9950 -2518.67 0 -6931.72
10000 -2860 0 -6796.39
10050 -3194.24 0 -6644.19
10100 -3520.54 0 -6475.5
10150 -3838.1 0 -6290.73
10200 -4146.12 0 -6090.31
10250 -4443.83 0 -5874.74
10300 -4730.47 0 -5644.54
10350 -5005.33 0 -5400.28
10400 -5267.7 0 -5142.54
10450 -5516.94 0 -4871.97
10500 -5752.39 0 -4589.22
10550 -5973.47 0 -4295
10600 -6179.61 0 -3990.03
10650 -6370.28 0 -3675.07
10700 -6544.98 0 -3350.91
10750 -6703.28 0 -3018.34
10800 -6844.75 0 -2678.2
10850 -6969.04 0 -2331.33
10900 -7075.81 0 -1978.62
10950 -7164.8 0 -1620.93
11000 -7235.75 0 -1259.18
11050 -7288.48 0 -894.268
11100 -7322.85 0 -527.116
11150 -7338.77 0 -158.651
11200 -7336.17 0 210.197
11250 -7315.06 0 578.495
11300 -7275.49 0 945.309
11350 -7217.54 0 1309.71
11400 -7141.36 0 1670.78
11450 -7047.13 0 2027.59
11500 -6935.09 0 2379.25
11550 -6805.52 0 2724.86
11600 -6658.73 0 3063.54
11650 -6495.1 0 3394.43
11700 -6315.05 0 3716.69
11750 -6119.01 0 4029.51
11800 -5907.5 0 4332.08
11850 -5681.04 0 4623.64
11900 -5440.2 0 4903.45
11950 -5185.61 0 5170.8
12000 -4917.89 0 5425.01
12050 -4637.74 0 5665.44
12100 -4345.86 0 5891.48
12150 -4042.99 0 6102.54
12200 -3729.89 0 6298.11
12250 -3407.37 0 6477.68
12300 -3076.24 0 6640.81
12350 -2737.34 0 6787.07
12400 -2391.52 0 6916.1
12450 -2039.67 0 7027.57
12500 -1682.67 0 7121.21
12550 -1321.44 0 7196.77
12600 -956.873 0 7254.06
12650 -589.906 0 7292.95
12700 -221.465 0 7313.33
12750 147.519 0 7315.16
12800 516.11 0 7298.42
12850 883.376 0 7263.17
12900 1248.39 0 7209.48
12950 1610.22 0 7137.51
13000 1967.96 0 7047.43
13050 2320.7 0 6939.46
13100 2667.54 0 6813.89
13150 3007.61 0 6671.02
13200 3340.05 0 6511.23
13250 3664.01 0 6334.91
13300 3978.67 0 6142.51
13350 4283.24 0 5934.52
13400 4576.93 0 5711.46
13450 4859.01 0 5473.91
13500 5128.76 0 5222.45
13550 5385.49 0 4957.73
13600 5628.55 0 4680.43
13650 5857.32 0 4391.23
13700 6071.22 0 4090.88
13750 6269.7 0 3780.15
13800 6452.26 0 3459.81
13850 6618.44 0 3130.68
13900 6767.8 0 2793.6
13950 6899.97 0 2449.43
14000 7014.62 0 2099.04
14050 7111.44 0 1743.33
14100 7190.19 0 1383.19
14150 7250.67 0 1019.55
14200 7292.72 0 653.328
14250 7316.24 0 285.463
14300 7321.17 0 -83.1105
14350 7307.49 0 -451.453
14400 7275.24 0 -818.627
14450 7224.49 0 -1183.7
14500 7155.39 0 -1545.73
14550 7068.1 0 -1903.81
14600 6962.85 0 -2257.02
14650 6839.9 0 -2604.45
14700 6699.57 0 -2945.23
14750 6542.21 0 -3278.49
14800 6368.23 0 -3603.38
14850 6178.07 0 -3919.06
14900 5972.21 0 -4224.74
14950 5751.17 0 -4519.64
15000 5515.52 0 -4803
15050 5265.86 0 -5074.1
15100 5002.81 0 -5332.25
15150 4727.06 0 -5576.79
15200 4439.29 0 -5807.09
15250 4140.25 0 -6022.58
15300 3830.68 0 -6222.69
15350 3511.38 0 -6406.91
15400 3183.16 0 -6574.78
15450 2846.85 0 -6725.85
15500 2503.31 0 -6859.74
15550 2153.4 0 -6976.1
15600 1798.03 0 -7074.64
15650 1438.09 0 -7155.08
15700 1074.5 0 -7217.22
15750 708.184 0 -7260.9
15800 340.08 0 -7285.99
15850 -28.8736 0 -7292.41
15900 -397.734 0 -7280.15
15950 -765.559 0 -7249.22
16000 -1131.41 0 -7199.7
16050 -1494.33 0 -7131.69
16100 -1853.42 0 -7045.35
16150 -2207.72 0 -6940.91
16200 -2556.35 0 -6818.61
16250 -2898.38 0 -6678.76
16300 -3232.95 0 -6521.69
16350 -3559.18 0 -6347.81
16400 -3876.22 0 -6157.54
16450 -4183.26 0 -5951.38
16500 -4479.48 0 -5729.82
16550 -4764.12 0 -5493.44
16600 -5036.43 0 -5242.84
16650 -5295.69 0 -4978.65
16700 -5541.22 0 -4701.55
16750 -5772.38 0 -4412.24
16800 -5988.54 0 -4111.46
16850 -6189.14 0 -3800
16900 -6373.63 0 -3478.65
16950 -6541.54 0 -3148.25
17000 -6692.4 0 -2809.64
17050 -6825.81 0 -2463.71
17100 -6941.41 0 -2111.36
17150 -7038.89 0 -1753.5
17200 -7117.97 0 -1391.07
17250 -7178.44 0 -1025.01
17300 -7220.12 0 -656.277
17350 -7242.91 0 -285.845
17400 -7246.72 0 85.3179
17450 -7231.55 0 456.237
17500 -7197.41 0 825.937
17550 -7144.4 0 1193.45
17600 -7072.63 0 1557.8
17650 -6982.31 0 1918.03
17700 -6873.65 0 2273.19
17750 -6746.94 0 2622.34
17800 -6602.51 0 2964.57
17850 -6440.73 0 3298.97
17900 -6262.02 0 3624.66
17950 -6066.86 0 3940.77
18000 -5855.76 0 4246.48
18050 -5629.27 0 4540.98
18100 -5387.98 0 4823.49
18150 -5132.54 0 5093.26
18200 -4863.61 0 5349.59
18250 -4581.9 0 5591.8
18300 -4288.16 0 5819.25
18350 -3983.15 0 6031.35
18400 -3667.68 0 6227.53
18450 -3342.58 0 6407.28
18500 -3008.71 0 6570.13
18550 -2666.94 0 6715.65
18600 -2318.18 0 6843.45
18650 -1963.35 0 6953.21
18700 -1603.36 0 7044.64
18750 -1239.19 0 7117.49
18800 -871.77 0 7171.58
18850 -502.081 0 7206.76
18900 -131.091 0 7222.95
18950 240.224 0 7220.09
19000 610.888 0 7198.21
19050 979.927 0 7157.35
19100 1346.37 0 7097.62
19150 1709.25 0 7019.19
19200 2067.62 0 6922.26
19250 2420.53 0 6807.07
19300 2767.06 0 6673.95
19350 3106.28 0 6523.22
19400 3437.32 0 6355.3
19450 3759.29 0 6170.62
19500 4071.35 0 5969.66
19550 4372.68 0 5752.96
19600 4662.48 0 5521.09
19650 4939.98 0 5274.65
19700 5204.46 0 5014.3
19750 5455.21 0 4740.71
19800 5691.57 0 4454.61
19850 5912.92 0 4156.76
19900 6118.66 0 3847.94
19950 6308.27 0 3528.96
20000 6481.22 0 3200.67
20050 6637.07 0 2863.93
20100 6775.4 0 2519.64
20150 6895.85 0 2168.69
20200 6998.09 0 1812.03
20250 7081.85 0 1450.59
20300 7146.91 0 1085.34
20350 7193.1 0 717.224
20400 7220.29 0 347.233
20450 7228.41 0 -23.6579
20500 7217.45 0 -394.466
20550 7187.41 0 -764.21
20600 7138.4 0 -1131.91
20650 7070.53 0 -1496.59
20700 6983.99 0 -1857.3
20750 6878.99 0 -2213.06
20800 6755.83 0 -2562.94
20850 6614.83 0 -2906.01
20900 6456.36 0 -3241.37
20950 6280.84 0 -3568.13
21000 6088.73 0 -3885.41
21050 5880.54 0 -4192.39
21100 5656.82 0 -4488.24
21150 5418.16 0 -4772.19
21200 5165.2 0 -5043.47
21250 4898.6 0 -5301.38
21300 4619.06 0 -5545.23
21350 4327.33 0 -5774.36
21400 4024.17 0 -5988.17
21450 3710.38 0 -6186.1
21500 3386.8 0 -6367.61
21550 3054.27 0 -6532.22
21600 2713.67 0 -6679.49
21650 2365.91 0 -6809.03
21700 2011.91 0 -6920.47
21750 1652.59 0 -7013.54
21800 1288.91 0 -7087.96
21850 921.835 0 -7143.54
21900 552.332 0 -7180.11
21950 181.384 0 -7197.58
22000 -190.027 0 -7195.88
22050 -560.913 0 -7175.01
22100 -930.288 0 -7135.02
22150 -1297.17 0 -7075.99
22200 -1660.57 0 -6998.07
22250 -2019.53 0 -6901.47
22300 -2373.09 0 -6786.41
22350 -2720.29 0 -6653.2
22400 -3060.21 0 -6502.17
22450 -3391.92 0 -6333.73
22500 -3714.54 0 -6148.3
22550 -4027.19 0 -5946.36
22600 -4329.03 0 -5728.46
22650 -4619.23 0 -5495.15
22700 -4897.01 0 -5247.05
22750 -5161.61 0 -4984.82
22800 -5412.3 0 -4709.16
22850 -5648.39 0 -4420.79
22900 -5869.24 0 -4120.49
22950 -6074.23 0 -3809.05
23000 -6262.81 0 -3487.31
23050 -6434.43 0 -3156.13
23100 -6588.64 0 -2816.41
23150 -6724.98 0 -2469.06
23200 -6843.09 0 -2115.01
23250 -6942.62 0 -1755.23
23300 -7023.3 0 -1390.69
23350 -7084.89 0 -1022.39
23400 -7127.2 0 -651.314
23450 -7150.13 0 -278.484
23500 -7153.58 0 95.0855
23550 -7137.54 0 468.375
23600 -7102.05 0 840.364
23650 -7047.2 0 1210.04
23700 -6973.12 0 1576.38
23750 -6880.02 0 1938.38
23800 -6768.14 0 2295.07
23850 -6637.78 0 2645.44
23900 -6489.29 0 2988.56
23950 -6323.08 0 3323.46
24000 -6139.6 0 3649.25
24050 -5939.35 0 3965.01
24100 -5722.87 0 4269.89
24150 -5490.76 0 4563.05
24200 -5243.65 0 4843.69
24250 -4982.21 0 5111.03
24300 -4707.17 0 5364.35
24350 -4419.27 0 5602.95
24400 -4119.31 0 5826.17
24450 -3808.1 0 6033.41
24500 -3486.49 0 6224.11
24550 -3155.37 0 6397.73
24600 -2815.65 0 6553.81
24650 -2468.24 0 6691.92
24700 -2114.11 0 6811.68
24750 -1754.22 0 6912.77
24800 -1389.55 0 6994.91
24850 -1021.11 0 7057.88
24900 -649.895 0 7101.5
24950 -276.925 0 7125.66
25000 96.7822 0 7130.3
25050 470.204 0 7115.4
25100 842.32 0 7081
25150 1212.11 0 7027.19
25200 1578.57 0 6954.13
25250 1940.7 0 6862.01
25300 2297.49 0 6751.08
25350 2647.99 0 6621.65
25400 2991.22 0 6474.07
25450 3326.26 0 6308.74
25500 3652.17 0 6126.12
25550 3968.07 0 5926.7
25600 4273.1 0 5711.02
25650 4566.41 0 5479.69
25700 4847.2 0 5233.32
25750 5114.7 0 4972.59
25800 5368.17 0 4698.23
25850 5606.92 0 4410.97
25900 5830.29 0 4111.6
25950 6037.67 0 3800.96
26000 6228.48 0 3479.88
26050 6402.2 0 3149.25
26100 6558.35 0 2809.98
26150 6696.49 0 2463
26200 6816.26 0 2109.26
26250 6917.3 0 1749.73
26300 6999.36 0 1385.41
26350 7062.19 0 1017.3
26400 7105.63 0 646.404
26450 7129.55 0 273.752
26500 7133.89 0 -99.6345
26550 7118.64 0 -472.726
26600 7083.83 0 -844.494
26650 7029.56 0 -1213.92
26700 6955.98 0 -1579.97
26750 6863.29 0 -1941.66
26800 6751.75 0 -2297.98
26850 6621.67 0 -2647.94
26900 6473.39 0 -2990.59
26950 6307.34 0 -3324.99
27000 6123.96 0 -3650.2
27050 5923.76 0 -3965.34
27100 5707.29 0 -4269.53
27150 5475.15 0 -4561.95
27200 5227.97 0 -4841.77
27250 4966.43 0 -5108.23
27300 4691.25 0 -5360.6
27350 4403.19 0 -5598.18
27400 4103.04 0 -5820.31
27450 3791.62 0 -6026.38
27500 3469.79 0 -6215.82
27550 3138.42 0 -6388.09
27600 2798.44 0 -6542.73
27650 2450.77 0 -6679.31
27700 2096.37 0 -6797.43
27750 1736.22 0 -6896.77
27800 1371.3 0 -6977.04
27850 1002.62 0 -7038.02
27900 631.19 0 -7079.53
27950 258.042 0 -7101.45
28000 -115.799 0 -7103.7
28050 -489.298 0 -7086.27
28100 -861.423 0 -7049.19
28150 -1231.14 0 -6992.55
28200 -1597.43 0 -6916.51
28250 -1959.28 0 -6821.24
28300 -2315.67 0 -6707.01
28350 -2665.61 0 -6574.12
28400 -3008.12 0 -6422.92
28450 -3342.25 0 -6253.82
28500 -3667.05 0 -6067.28
28550 -3981.62 0 -5863.79
28600 -4285.07 0 -5643.92
28650 -4576.54 0 -5408.26
28700 -4855.2 0 -5157.47
28750 -5120.27 0 -4892.22
28800 -5370.98 0 -4613.26
28850 -5606.63 0 -4321.34
28900 -5826.53 0 -4017.29
28950 -6030.06 0 -3701.94
29000 -6216.62 0 -3376.18
29050 -6385.69 0 -3040.91
29100 -6536.76 0 -2697.08
29150 -6669.41 0 -2345.64
29200 -6783.22 0 -1987.59
29250 -6877.89 0 -1623.93
29300 -6953.11 0 -1255.69
29350 -7008.67 0 -883.918
29400 -7044.4 0 -509.655
29450 -7060.17 0 -133.967
29500 -7055.95 0 242.08
29550 -7031.72 0 617.417
29600 -6987.55 0 990.977
29650 -6923.56 0 1361.7
29700 -6839.92 0 1728.52
29750 -6736.86 0 2090.4
29800 -6614.66 0 2446.31
29850 -6473.68 0 2795.22
29900 -6314.3 0 3136.15
29950 -6136.99 0 3468.12
30000 -5942.23 0 3790.18
30050 -5730.59 0 4101.42
30100 -5502.66 0 4400.95
30150 -5259.09 0 4687.91
30200 -5000.58 0 4961.48
30250 -4727.86 0 5220.89
30300 -4441.71 0 5465.39
30350 -4142.94 0 5694.29
30400 -3832.4 0 5906.93
30450 -3510.98 0 6102.73
30500 -3179.59 0 6281.1
30550 -2839.18 0 6441.56
30600 -2490.72 0 6583.64
30650 -2135.19 0 6706.94
30700 -1773.61 0 6811.11
30750 -1407.01 0 6895.86
30800 -1036.43 0 6960.94
30850 -662.923 0 7006.18
30900 -287.553 0 7031.43
30950 88.6131 0 7036.65
31000 464.506 0 7021.79
31050 839.057 0 6986.92
31100 1211.2 0 6932.13
31150 1579.88 0 6857.57
31200 1944.04 0 6763.46
31250 2302.65 0 6650.07
31300 2654.69 0 6517.71
31350 2999.16 0 6366.76
31400 3335.07 0 6197.65
31450 3661.46 0 6010.85
31500 3977.41 0 5806.91
31550 4282.02 0 5586.4
31600 4574.41 0 5349.94
31650 4853.75 0 5098.22
31700 5119.24 0 4831.94
31750 5370.13 0 4551.86
31800 5605.68 0 4258.78
31850 5825.24 0 3953.55
31900 6028.16 0 3637.02
31950 6213.87 0 3310.1
32000 6381.83 0 2973.73
32050 6531.57 0 2628.86
32100 6662.64 0 2276.49
32150 6774.68 0 1917.62
32200 6867.36 0 1553.28
32250 6940.41 0 1184.51
32300 6993.63 0 812.367
32350 7026.85 0 437.917
32400 7039.99 0 62.2331
32450 7033 0 -313.607
32500 7005.91 0 -688.527
32550 6958.78 0 -1061.45
32600 6891.76 0 -1431.31
32650 6805.03 0 -1797.05
32700 6698.85 0 -2157.61
32750 6573.51 0 -2511.96
32800 6429.38 0 -2859.09
32850 6266.87 0 -3198
32900 6086.44 0 -3527.71
32950 5888.61 0 -3847.29
33000 5673.95 0 -4155.82
33050 5443.07 0 -4452.41
33100 5196.63 0 -4736.21
33150 4935.33 0 -5006.4
33200 4659.93 0 -5262.22
33250 4371.21 0 -5502.92
33300 4069.99 0 -5727.81
33350 3757.14 0 -5936.25
33400 3433.54 0 -6127.64
33450 3100.14 0 -6301.42
33500 2757.87 0 -6457.08
33550 2407.71 0 -6594.19
33600 2050.68 0 -6712.33
33650 1687.79 0 -6811.17
33700 1320.07 0 -6890.4
33750 948.587 0 -6949.8
33800 574.401 0 -6989.19
33850 198.587 0 -7008.44
33900 -177.777 0 -7007.48
33950 -553.608 0 -6986.31
34000 -927.823 0 -6944.97
34050 -1299.34 0 -6883.58
34100 -1667.1 0 -6802.28
34150 -2030.02 0 -6701.31
34200 -2387.05 0 -6580.94
34250 -2737.17 0 -6441.5
34300 -3079.35 0 -6283.39
34350 -3412.59 0 -6107.03
34400 -3735.91 0 -5912.94
34450 -4048.38 0 -5701.66
34500 -4349.08 0 -5473.78
34550 -4637.11 0 -5229.96
34600 -4911.62 0 -4970.89
34650 -5171.82 0 -4697.32
34700 -5416.91 0 -4410.02
34750 -5646.18 0 -4109.84
34800 -5858.93 0 -3797.62
34850 -6054.54 0 -3474.29
34900 -6232.4 0 -3140.78
34950 -6391.99 0 -2798.06
35000 -6532.82 0 -2447.13
35050 -6654.46 0 -2089.02
35100 -6756.55 0 -1724.77
35150 -6838.75 0 -1355.46
35200 -6900.82 0 -982.165
35250 -6942.57 0 -605.996
35300 -6963.85 0 -228.059
35350 -6964.59 0 150.531
35400 -6944.78 0 528.653
35450 -6904.46 0 905.187
35500 -6843.75 0 1279.02
35550 -6762.82 0 1649.04
35600 -6661.9 0 2014.14
35650 -6541.29 0 2373.26
35700 -6401.32 0 2725.31
35750 -6242.43 0 3069.25
35800 -6065.07 0 3404.06
35850 -5869.76 0 3728.75
35900 -5657.09 0 4042.35
35950 -5427.67 0 4343.93
36000 -5182.2 0 4632.59
36050 -4921.4 0 4907.48
36100 -4646.04 0 5167.78
36150 -4356.93 0 5412.72
36200 -4054.94 0 5641.57
36250 -3740.96 0 5853.66
36300 -3415.92 0 6048.35
36350 -3080.79 0 6225.07
36400 -2736.56 0 6383.3
36450 -2384.24 0 6522.57
36500 -2024.88 0 6642.46
36550 -1659.56 0 6742.64
36600 -1289.34 0 6822.79
36650 -915.322 0 6882.68
36700 -538.621 0 6922.14
36750 -160.347 0 6941.05
36800 218.379 0 6939.35
36850 596.436 0 6917.05
36900 972.705 0 6874.22
36950 1346.07 0 6810.97
37000 1715.43 0 6727.51
37050 2079.68 0 6624.07
37100 2437.76 0 6500.96
37150 2788.59 0 6358.55
37200 3131.13 0 6197.24
37250 3464.37 0 6017.53
37300 3787.33 0 5819.94
37350 4099.03 0 5605.06
37400 4398.56 0 5373.51
37450 4685.01 0 5126
37500 4957.55 0 4863.25
37550 5215.36 0 4586.03
37600 5457.66 0 4295.18
37650 5683.74 0 3991.55
37700 5892.92 0 3676.05
37750 6084.57 0 3349.61
37800 6258.13 0 3013.21
37850 6413.07 0 2667.84
37900 6548.92 0 2314.54
37950 6665.29 0 1954.36
38000 6761.82 0 1588.37
38050 6838.22 0 1217.66
38100 6894.27 0 843.337
38150 6929.78 0 466.52
38200 6944.67 0 88.3326
38250 6938.87 0 -290.096
38300 6912.41 0 -667.635
38350 6865.36 0 -1043.16
38400 6797.86 0 -1415.54
38450 6710.12 0 -1783.68
38500 6602.39 0 -2146.46
38550 6475 0 -2502.81
38600 6328.32 0 -2851.66
38650 6162.8 0 -3191.97
38700 5978.92 0 -3522.72
38750 5777.24 0 -3842.93
38800 5558.35 0 -4151.63
38850 5322.92 0 -4447.91
38900 5071.63 0 -4730.88
38950 4805.24 0 -4999.69
39000 4524.54 0 -5253.54
39050 4230.37 0 -5491.67
39100 3923.6 0 -5713.37
39150 3605.15 0 -5917.96
39200 3275.96 0 -6104.84
39250 2937.02 0 -6273.45
39300 2589.33 0 -6423.26
39350 2233.94 0 -6553.84
39400 1871.89 0 -6664.79
39450 1504.27 0 -6755.76
39500 1132.18 0 -6826.47
39550 756.724 0 -6876.7
39600 379.026 0 -6906.3
39650 0.2161 0 -6915.16
39700 -378.572 0 -6903.25
39750 -756.202 0 -6870.58
39800 -1131.54 0 -6817.24
39850 -1503.46 0 -6743.38
39900 -1870.84 0 -6649.2
39950 -2232.56 0 -6534.97
40000 -2587.55 0 -6401.02
40050 -2934.72 0 -6247.74
40100 -3273.01 0 -6075.57
40150 -3601.4 0 -5885.02
40200 -3918.89 0 -5676.65
40250 -4224.51 0 -5451.07
40300 -4517.31 0 -5208.94
40350 -4796.4 0 -4951
40400 -5060.91 0 -4678.01
40450 -5310.04 0 -4390.78
40500 -5543 0 -4090.18
40550 -5759.07 0 -3777.11
40600 -5957.58 0 -3452.52
40650 -6137.91 0 -3117.38
40700 -6299.48 0 -2772.73
40750 -6441.78 0 -2419.59
40800 -6564.38 0 -2059.06
40850 -6666.86 0 -1692.22
40900 -6748.91 0 -1320.21
40950 -6810.26 0 -944.16
41000 -6850.7 0 -565.229
41050 -6870.1 0 -184.58
41100 -6868.38 0 196.615
41150 -6845.55 0 577.179
41200 -6801.65 0 955.939
41250 -6736.81 0 1331.72
41300 -6651.24 0 1703.37
41350 -6545.17 0 2069.74
41400 -6418.94 0 2429.68
41450 -6272.93 0 2782.09
41500 -6107.59 0 3125.88
41550 -5923.41 0 3459.97
41600 -5720.98 0 3783.34
41650 -5500.9 0 4094.99
41700 -5263.87 0 4393.95
41750 -5010.61 0 4679.29
41800 -4741.9 0 4950.13
41850 -4458.58 0 5205.64
41900 -4161.52 0 5445.02
41950 -3851.63 0 5667.54
42000 -3529.88 0 5872.51
42050 -3197.26 0 6059.3
42100 -2854.79 0 6227.33
42150 -2503.54 0 6376.08
42200 -2144.58 0 6505.1
42250 -1779.04 0 6613.98
42300 -1408.02 0 6702.4
42350 -1032.69 0 6770.08
42400 -654.196 0 6816.82
42450 -273.706 0 6842.46
42500 107.605 0 6846.93
42550 488.56 0 6830.23
42600 867.985 0 6792.39
42650 1244.71 0 6733.53
42700 1617.57 0 6653.84
42750 1985.41 0 6553.56
42800 2347.1 0 6433
42850 2701.52 0 6292.53
42900 3047.58 0 6132.58
42950 3384.2 0 5953.65
43000 3710.35 0 5756.28
43050 4025.01 0 5541.08
43100 4327.21 0 5308.71
43150 4616 0 5059.9
43200 4890.5 0 4795.41
43250 5149.86 0 4516.06
43300 5393.26 0 4222.71
43350 5619.94 0 3916.26
43400 5829.21 0 3597.68
43450 6020.41 0 3267.93
43500 6192.94 0 2928.06
43550 6346.26 0 2579.1
43600 6479.91 0 2222.15
43650 6593.44 0 1858.3
43700 6686.52 0 1488.71
43750 6758.85 0 1114.5
43800 6810.21 0 736.845
43850 6840.42 0 356.923
43900 6849.4 0 -24.0864
43950 6837.11 0 -404.997
44000 6803.59 0 -784.623
44050 6748.95 0 -1161.78
44100 6673.36 0 -1535.3
44150 6577.04 0 -1904.01
44200 6460.3 0 -2266.77
44250 6323.5 0 -2622.45
44300 6167.06 0 -2969.93
44350 5991.48 0 -3308.14
44400 5797.29 0 -3636.02
44450 5585.1 0 -3952.55
44500 5355.58 0 -4256.75
44550 5109.42 0 -4547.67
44600 4847.41 0 -4824.39
44650 4570.34 0 -5086.06
44700 4279.09 0 -5331.86
44750 3974.55 0 -5561.03
44800 3657.67 0 -5772.84
44850 3329.44 0 -5966.63
44900 2990.88 0 -6141.8
44950 2643.02 0 -6297.79
45000 2286.97 0 -6434.12
45050 1923.81 0 -6550.35
45100 1554.69 0 -6646.11
45150 1180.74 0 -6721.09
45200 803.135 0 -6775.05
45250 423.049 0 -6807.81
45300 41.6655 0 -6819.26
45350 -339.824 0 -6809.35
45400 -720.227 0 -6778.09
45450 -1098.35 0 -6725.58
45500 -1473.02 0 -6651.95
45550 -1843.04 0 -6557.42
45600 -2207.26 0 -6442.28
45650 -2564.53 0 -6306.86
45700 -2913.72 0 -6151.58
45750 -3253.73 0 -5976.91
45800 -3583.47 0 -5783.37
45850 -3901.89 0 -5571.57
45900 -4207.99 0 -5342.16
45950 -4500.77 0 -5095.84
46000 -4779.3 0 -4833.38
46050 -5042.7 0 -4555.59
46100 -5290.09 0 -4263.35
46150 -5520.69 0 -3957.56
46200 -5733.74 0 -3639.19
46250 -5928.56 0 -3309.23
46300 -6104.49 0 -2968.74
46350 -6260.97 0 -2618.79
46400 -6397.48 0 -2260.48
46450 -6513.56 0 -1894.97
46500 -6608.84 0 -1523.4
46550 -6682.97 0 -1146.98
46600 -6735.72 0 -766.903
46650 -6766.91 0 -384.387
46700 -6776.41 0 -0.660329
46750 -6764.18 0 383.044
46800 -6730.25 0 765.49
46850 -6674.72 0 1145.45
46900 -6597.77 0 1521.69
46950 -6499.62 0 1893.01
47000 -6380.59 0 2258.2
47050 -6241.05 0 2616.09
47100 -6081.45 0 2965.52
47150 -5902.3 0 3305.36
47200 -5704.18 0 3634.51
47250 -5487.71 0 3951.91
47300 -5253.6 0 4256.54
47350 -5002.6 0 4547.41
47400 -4735.52 0 4823.59
47450 -4453.21 0 5084.18
47500 -4156.59 0 5328.35
47550 -3846.62 0 5555.3
47600 -3524.28 0 5764.31
47650 -3190.63 0 5954.7
47700 -2846.73 0 6125.87
47750 -2493.69 0 6277.26
47800 -2132.66 0 6408.38
47850 -1764.78 0 6518.82
47900 -1391.25 0 6608.22
47950 -1013.27 0 6676.29
48000 -632.059 0 6722.82
48050 -248.836 0 6747.66
48100 135.164 0 6750.72
48150 518.704 0 6731.99
48200 900.55 0 6691.55
48250 1279.47 0 6629.51
48300 1654.25 0 6546.07
48350 2023.69 0 6441.5
48400 2386.58 0 6316.14
48450 2741.76 0 6170.39
48500 3088.09 0 6004.71
48550 3424.44 0 5819.64
48600 3749.74 0 5615.77
48650 4062.92 0 5393.75
48700 4362.99 0 5154.31
48750 4648.95 0 4898.2
48800 4919.9 0 4626.26
48850 5174.95 0 4339.35
48900 5413.27 0 4038.42
48950 5634.09 0 3724.42
49000 5836.69 0 3398.37
49050 6020.41 0 3061.33
49100 6184.66 0 2714.38
49150 6328.89 0 2358.65
49200 6452.63 0 1995.29
49250 6555.49 0 1625.48
49300 6637.12 0 1250.41
49350 6697.26 0 871.313
49400 6735.71 0 489.409
49450 6752.35 0 105.94
49500 6747.1 0 -277.848
49550 6720 0 -660.709
49600 6671.13 0 -1041.4
49650 6600.64 0 -1418.68
49700 6508.77 0 -1791.32
49750 6395.8 0 -2158.12
49800 6262.11 0 -2517.87
49850 6108.13 0 -2869.42
49900 5934.36 0 -3211.62
49950 5741.36 0 -3543.35
50000 5529.77 0 -3863.54
50050 5300.25 0 -4171.15
50100 5053.57 0 -4465.17
50150 4790.51 0 -4744.65
50200 4511.93 0 -5008.68
50250 4218.74 0 -5256.4
50300 3911.88 0 -5487
50350 3592.35 0 -5699.74
50400 3261.18 0 -5893.9
50450 2919.45 0 -6068.87
50500 2568.26 0 -6224.06
50550 2208.75 0 -6358.97
50600 1842.09 0 -6473.15
50650 1469.46 0 -6566.21
50700 1092.08 0 -6637.85
50750 711.169 0 -6687.82
50800 327.968 0 -6715.95
50850 -56.2757 0 -6722.14
50900 -440.311 0 -6706.34
50950 -822.885 0 -6668.61
51000 -1202.75 0 -6609.03
51050 -1578.65 0 -6527.8
51100 -1949.37 0 -6425.16
51150 -2313.68 0 -6301.43
51200 -2670.39 0 -6157
51250 -3018.31 0 -5992.32
51300 -3356.3 0 -5807.92
51350 -3683.23 0 -5604.38
51400 -3998.02 0 -5382.36
51450 -4299.62 0 -5142.57
51500 -4587.02 0 -4885.78
51550 -4859.25 0 -4612.83
51600 -5115.4 0 -4324.61
51650 -5354.61 0 -4022.05
51700 -5576.06 0 -3706.15
51750 -5779 0 -3377.94
51800 -5962.74 0 -3038.5
51850 -6126.66 0 -2688.96
51900 -6270.18 0 -2330.47
51950 -6392.8 0 -1964.23
52000 -6494.11 0 -1591.44
52050 -6573.75 0 -1213.34
52100 -6631.43 0 -831.216
52150 -6666.95 0 -446.328
52200 -6680.18 0 -59.9684
52250 -6671.04 0 326.566
52300 -6639.57 0 711.978
52350 -6585.86 0 1094.97
52400 -6510.07 0 1474.26
52450 -6412.46 0 1848.56
52500 -6293.35 0 2216.62
52550 -6153.12 0 2577.19
52600 -5992.25 0 2929.06
52650 -5811.26 0 3271.04
52700 -5610.78 0 3601.98
52750 -5391.46 0 3920.77
52800 -5154.05 0 4226.33
52850 -4899.34 0 4517.62
52900 -4628.19 0 4793.68
52950 -4341.52 0 5053.57
53000 -4040.27 0 5296.41
53050 -3725.48 0 5521.39
53100 -3398.19 0 5727.75
53150 -3059.51 0 5914.81
53200 -2710.58 0 6081.92
53250 -2352.57 0 6228.54
53300 -1986.68 0 6354.17
53350 -1614.14 0 6458.39
53400 -1236.21 0 6540.85
53450 -854.157 0 6601.27
53500 -469.258 0 6639.46
53550 -82.8089 0 6655.28
53600 303.892 0 6648.67
53650 689.547 0 6619.67
53700 1072.86 0 6568.37
53750 1452.54 0 6494.94
53800 1827.32 0 6399.62
53850 2195.93 0 6282.74
53900 2557.13 0 6144.67
53950 2909.71 0 5985.9
54000 3252.47 0 5806.94
54050 3584.27 0 5608.39
54100 3903.99 0 5390.93
54150 4210.54 0 5155.27
54200 4502.89 0 4902.22
54250 4780.05 0 4632.62
54300 5041.08 0 4347.38
54350 5285.09 0 4047.46
54400 5511.26 0 3733.86
54450 5718.83 0 3407.65
54500 5907.08 0 3069.93
54550 6075.37 0 2721.84
54600 6223.13 0 2364.54
54650 6349.86 0 1999.27
54700 6455.12 0 1627.24
54750 6538.55 0 1249.71
54800 6599.88 0 867.979
54850 6638.87 0 483.327
54900 6655.41 0 97.0604
54950 6649.43 0 -289.509
55000 6620.95 0 -675.069
55050 6570.07 0 -1058.31
55100 6496.95 0 -1437.94
55150 6401.85 0 -1812.65
55200 6285.08 0 -2181.19
55250 6147.04 0 -2542.29
55300 5988.19 0 -2894.74
55350 5809.09 0 -3237.33
55400 5610.32 0 -3568.91
55450 5392.57 0 -3888.34
55500 5156.57 0 -4194.54
55550 4903.12 0 -4486.47
55600 4633.08 0 -4763.14
55650 4347.37 0 -5023.6
55700 4046.94 0 -5266.98
55750 3732.83 0 -5492.44
55800 3406.08 0 -5699.22
55850 3067.81 0 -5886.6
55900 2719.16 0 -6053.95
55950 2361.31 0 -6200.69
56000 1995.47 0 -6326.32
56050 1622.88 0 -6430.39
56100 1244.81 0 -6512.56
56150 862.535 0 -6572.53
56200 477.351 0 -6610.07
56250 90.5706 0 -6625.06
56300 -296.492 0 -6617.43
56350 -682.518 0 -6587.18
56400 -1066.19 0 -6534.41
56450 -1446.2 0 -6459.28
56500 -1821.24 0 -6362.02
56550 -2190.03 0 -6242.95
56600 -2551.3 0 -6102.46
56650 -2903.8 0 -5941.01
56700 -3246.32 0 -5759.14
56750 -3577.68 0 -5557.45
56800 -3896.71 0 -5336.61
56850 -4202.31 0 -5097.37
56900 -4493.42 0 -4840.53
56950 -4769 0 -4566.96
57000 -5028.11 0 -4277.6
57050 -5269.81 0 -3973.43
57100 -5493.25 0 -3655.48
57150 -5697.65 0 -3324.85
57200 -5882.26 0 -2982.67
57250 -6046.44 0 -2630.13
57300 -6189.59 0 -2268.45
57350 -6311.2 0 -1898.87
57400 -6410.81 0 -1522.69
57450 -6488.07 0 -1141.21
57500 -6542.68 0 -755.759
57550 -6574.45 0 -367.69
57600 -6583.23 0 21.64
57650 -6569 0 410.867
57700 -6531.79 0 798.624
57750 -6471.7 0 1183.55
57800 -6388.96 0 1564.29
57850 -6283.83 0 1939.5
57900 -6156.68 0 2307.87
57950 -6007.95 0 2668.1
58000 -5838.16 0 3018.91
58050 -5647.89 0 3359.07
58100 -5437.82 0 3687.39
58150 -5208.69 0 4002.7
58200 -4961.28 0 4303.9
58250 -4696.49 0 4589.93
58300 -4415.22 0 4859.77
58350 -4118.48 0 5112.49
58400 -3807.31 0 5347.2
58450 -3482.8 0 5563.06
58500 -3146.08 0 5759.32
58550 -2798.35 0 5935.3
58600 -2440.83 0 6090.37
58650 -2074.76 0 6224
58700 -1701.44 0 6335.71
58750 -1322.18 0 6425.12
58800 -938.308 0 6491.9
58850 -551.168 0 6535.84
58900 -162.122 0 6556.76
58950 227.466 0 6554.61
59000 616.228 0 6529.38
59050 1002.8 0 6481.16
59100 1385.82 0 6410.13
59150 1763.96 0 6316.52
59200 2135.87 0 6200.67
59250 2500.25 0 6062.98
59300 2855.82 0 5903.93
59350 3201.32 0 5724.07
59400 3535.55 0 5524.04
59450 3857.32 0 5304.53
59500 4165.49 0 5066.32
59550 4458.98 0 4810.23
59600 4736.75 0 4537.17
59650 4997.81 0 4248.11
59700 5241.24 0 3944.04
59750 5466.18 0 3626.05
59800 5671.82 0 3295.26
59850 5857.44 0 2952.82
59900 6022.37 0 2599.96
59950 6166.03 0 2237.92
60000 6287.9 0 1867.97
60050 6387.55 0 1491.43
60100 6464.62 0 1109.63
60150 6518.83 0 723.924
60200 6549.99 0 335.678
60250 6557.99 0 -53.7319
60300 6542.79 0 -442.923
60350 6504.44 0 -830.515
60400 6443.08 0 -1215.13
60450 6358.93 0 -1595.41
60500 6252.28 0 -1969.99
60550 6123.5 0 -2337.56
60600 5973.07 0 -2696.8
60650 5801.49 0 -3046.44
60700 5609.39 0 -3385.23
60750 5397.45 0 -3711.98
60800 5166.41 0 -4025.53
60850 4917.1 0 -4324.75
60900 4650.39 0 -4608.59
60950 4367.23 0 -4876.04
61000 4068.62 0 -5126.15
61050 3755.62 0 -5358.02
61100 3429.33 0 -5570.83
61150 3090.91 0 -5763.82
61200 2741.56 0 -5936.31
61250 2382.52 0 -6087.66
61300 2015.05 0 -6217.34
61350 1640.45 0 -6324.88
61400 1260.06 0 -6409.89
61450 875.212 0 -6472.05
61500 487.285 0 -6511.13
61550 97.6528 0 -6526.97
61600 -292.299 0 -6519.51
61650 -681.182 0 -6488.76
61700 -1067.61 0 -6434.8
61750 -1450.2 0 -6357.82
61800 -1827.58 0 -6258.06
61850 -2198.4 0 -6135.87
61900 -2561.33 0 -5991.67
61950 -2915.06 0 -5825.94
62000 -3258.3 0 -5639.26
62050 -3589.82 0 -5432.29
62100 -3908.42 0 -5205.74
62150 -4212.92 0 -4960.41
62200 -4502.22 0 -4697.18
62250 -4775.26 0 -4416.96
62300 -5031.03 0 -4120.76
62350 -5268.59 0 -3809.63
62400 -5487.05 0 -3484.69
62450 -5685.61 0 -3147.1
62500 -5863.52 0 -2798.08
62550 -6020.11 0 -2438.89
62600 -6154.8 0 -2070.83
62650 -6267.07 0 -1695.23
62700 -6356.5 0 -1313.46
62750 -6422.74 0 -926.919
62800 -6465.52 0 -537.009
62850 -6484.68 0 -145.159
62900 -6480.13 0 247.195
62950 -6451.87 0 638.612
63000 -6400 0 1027.66
63050 -6324.68 0 1412.89
63100 -6226.2 0 1792.91
63150 -6104.9 0 2166.31
63200 -5961.22 0 2531.7
63250 -5795.68 0 2887.76
63300 -5608.89 0 3233.16
63350 -5401.53 0 3566.63
63400 -5174.36 0 3886.95
63450 -4928.22 0 4192.93
63500 -4664 0 4483.44
63550 -4382.68 0 4757.43
63600 -4085.3 0 5013.88
63650 -3772.94 0 5251.85
63700 -3446.75 0 5470.46
63750 -3107.94 0 5668.91
63800 -2757.75 0 5846.48
63850 -2397.46 0 6002.51
63900 -2028.41 0 6136.43
63950 -1651.93 0 6247.75
64000 -1269.42 0 6336.07
64050 -882.282 0 6401.05
64100 -491.934 0 6442.47
64150 -99.8091 0 6460.16
64200 292.653 0 6454.07
64250 684.013 0 6424.21
64300 1072.83 0 6370.7
64350 1457.68 0 6293.72
64400 1837.15 0 6193.56
64450 2209.85 0 6070.58
64500 2574.39 0 5925.23
64550 2929.44 0 5758.04
64600 3273.7 0 5569.62
64650 3605.89 0 5360.67
64700 3924.79 0 5131.94
64750 4229.21 0 4884.28
64800 4518.03 0 4618.59
64850 4790.19 0 4335.84
64900 5044.67 0 4037.09
64950 5280.53 0 3723.43
65000 5496.89 0 3396
65050 5692.95 0 3056.03
65100 5867.97 0 2704.77
65150 6021.31 0 2343.51
65200 6152.38 0 1973.59
65250 6260.71 0 1596.37
65300 6345.88 0 1213.27
65350 6407.57 0 825.693
65400 6445.55 0 435.081
65450 6459.68 0 42.8823
65500 6449.9 0 -349.446
65550 6416.24 0 -740.448
65600 6358.83 0 -1128.67
65650 6277.87 0 -1512.67
65700 6173.67 0 -1891.02
65750 6046.61 0 -2262.32
65800 5897.16 0 -2625.18
65850 5725.88 0 -2978.26
65900 5533.39 0 -3320.25
65950 5320.42 0 -3649.86
66000 5087.74 0 -3965.89
66050 4836.24 0 -4267.15
66100 4566.82 0 -4552.52
66150 4280.51 0 -4820.95
66200 3978.34 0 -5071.43
66250 3661.45 0 -5303.02
66300 3331 0 -5514.88
66350 2988.23 0 -5706.19
66400 2634.39 0 -5876.25
66450 2270.8 0 -6024.42
66500 1898.81 0 -6150.15
66550 1519.79 0 -6252.94
66600 1135.15 0 -6332.42
66650 746.325 0 -6388.26
66700 354.748 0 -6420.26
66750 -38.12 0 -6428.28
66800 -430.817 0 -6412.26
66850 -821.877 0 -6372.26
66900 -1209.84 0 -6308.4
66950 -1593.26 0 -6220.91
67000 -1970.68 0 -6110.08
67050 -2340.71 0 -5976.31
67100 -2701.93 0 -5820.09
67150 -3052.99 0 -5641.97
67200 -3392.55 0 -5442.61
67250 -3719.33 0 -5222.73
67300 -4032.08 0 -4983.13
67350 -4329.61 0 -4724.71
67400 -4610.77 0 -4448.42
67450 -4874.49 0 -4155.28
67500 -5119.74 0 -3846.39
67550 -5345.57 0 -3522.9
67600 -5551.11 0 -3186.04
67650 -5735.55 0 -2837.05
67700 -5898.17 0 -2477.28
67750 -6038.32 0 -2108.07
67800 -6155.46 0 -1730.83
67850 -6249.11 0 -1347
67900 -6318.89 0 -958.036
67950 -6364.52 0 -565.43
68000 -6385.8 0 -170.685
68050 -6382.64 0 224.684
68100 -6355.04 0 619.16
68150 -6303.08 0 1011.22
68200 -6226.95 0 1399.37
68250 -6126.94 0 1782.1
68300 -6003.42 0 2157.93
68350 -5856.86 0 2525.43
68400 -5687.82 0 2883.16
68450 -5496.95 0 3229.76
68500 -5284.97 0 3563.88
68550 -5052.69 0 3884.24
68600 -4801.02 0 4189.6
68650 -4530.92 0 4478.78
68700 -4243.42 0 4750.67
68750 -3939.64 0 5004.22
68800 -3620.75 0 5238.46
68850 -3287.96 0 5452.48
68900 -2942.57 0 5645.48
68950 -2585.9 0 5816.69
69000 -2219.32 0 5965.47
69050 -1844.24 0 6091.25
69100 -1462.11 0 6193.53
69150 -1074.39 0 6271.94
69200 -682.571 0 6326.17
69250 -288.16 0 6356.01
69300 107.328 0 6361.34
69350 502.372 0 6342.15
69400 895.456 0 6298.51
69450 1285.07 0 6230.57
69500 1669.71 0 6138.61
69550 2047.9 0 6022.96
69600 2418.18 0 5884.08
69650 2779.12 0 5722.49
69700 3129.34 0 5538.8
69750 3467.48 0 5333.73
69800 3792.23 0 5108.06
69850 4102.34 0 4862.65
69900 4396.6 0 4598.44
69950 4673.88 0 4316.46
70000 4933.1 0 4017.78
70050 5173.24 0 3703.55
70100 5393.38 0 3375
70150 5592.65 0 3033.38
70200 5770.29 0 2680.02
70250 5925.58 0 2316.29
70300 6057.93 0 1943.59
70350 6166.81 0 1563.37
70400 6251.8 0 1177.11
70450 6312.57 0 786.296
70500 6348.86 0 392.459
70550 6360.54 0 -2.87289
70600 6347.56 0 -398.163
70650 6309.95 0 -791.873
70700 6247.88 0 -1182.47
70750 6161.57 0 -1568.44
70800 6051.36 0 -1948.27
70850 5917.68 0 -2320.48
70900 5761.04 0 -2683.63
70950 5582.06 0 -3036.3
71000 5381.42 0 -3377.13
71050 5159.91 0 -3704.77
71100 4918.38 0 -4017.96
71150 4657.78 0 -4315.47
71200 4379.11 0 -4596.15
71250 4083.46 0 -4858.9
71300 3771.98 0 -5102.7
71350 3445.86 0 -5326.59
71400 3106.39 0 -5529.7
71450 2754.86 0 -5711.24
71500 2392.66 0 -5870.48
71550 2021.18 0 -6006.8
71600 1641.86 0 -6119.67
71650 1256.18 0 -6208.63
71700 865.641 0 -6273.32
71750 471.759 0 -6313.48
71800 76.0667 0 -6328.93
71850 -319.891 0 -6319.59
71900 -714.568 0 -6285.49
71950 -1106.42 0 -6226.74
72000 -1493.91 0 -6143.55
72050 -1875.52 0 -6036.22
72100 -2249.75 0 -5905.15
72150 -2615.11 0 -5750.82
72200 -2970.16 0 -5573.84
72250 -3313.5 0 -5374.86
72300 -3643.76 0 -5154.65
72350 -3959.62 0 -4914.05
72400 -4259.81 0 -4654
72450 -4543.13 0 -4375.5
72500 -4808.43 0 -4079.64
72550 -5054.64 0 -3767.57
72600 -5280.77 0 -3440.52
72650 -5485.88 0 -3099.76
72700 -5669.14 0 -2746.66
72750 -5829.79 0 -2382.6
72800 -5967.17 0 -2009.04
72850 -6080.7 0 -1627.45
72900 -6169.92 0 -1239.36
72950 -6234.43 0 -846.335
73000 -6273.96 0 -449.935
73050 -6288.34 0 -51.7574
73100 -6277.48 0 346.596
73150 -6241.42 0 743.521
73200 -6180.29 0 1137.42
73250 -6094.32 0 1526.69
73300 -5983.85 0 1909.78
73350 -5849.32 0 2285.12
73400 -5691.25 0 2651.21
73450 -5510.29 0 3006.56
73500 -5307.15 0 3349.73
73550 -5082.66 0 3679.34
73600 -4837.71 0 3994.06
73650 -4573.3 0 4292.61
73700 -4290.5 0 4573.79
73750 -3990.43 0 4836.46
73800 -3674.32 0 5079.57
73850 -3343.43 0 5302.13
73900 -2999.11 0 5503.25
73950 -2642.74 0 5682.12
74000 -2275.76 0 5838.01
74050 -1899.64 0 5970.31
74100 -1515.9 0 6078.48
74150 -1126.1 0 6162.08
74200 -731.786 0 6220.78
74250 -334.561 0 6254.34
74300 63.9797 0 6262.63
74350 462.231 0 6245.61
74400 858.587 0 6203.34
74450 1251.45 0 6136
74500 1639.24 0 6043.86
74550 2020.39 0 5927.27
74600 2393.36 0 5786.71
74650 2756.65 0 5622.73
74700 3108.78 0 5436
74750 3448.33 0 5227.27
74800 3773.93 0 4997.36
74850 4084.25 0 4747.21
74900 4378.02 0 4477.82
74950 4654.07 0 4190.27
75000 4911.25 0 3885.74
75050 5148.53 0 3565.44
75100 5364.92 0 3230.67
75150 5559.56 0 2882.79
75200 5731.63 0 2523.21
75250 5880.44 0 2153.39
75300 6005.36 0 1774.82
75350 6105.89 0 1389.06
75400 6181.6 0 997.666
75450 6232.2 0 602.237
75500 6257.45 0 204.385
75550 6257.27 0 -194.269
75600 6231.63 0 -592.097
75650 6180.65 0 -987.476
75700 6104.53 0 -1378.79
75750 6003.57 0 -1764.45
75800 5878.19 0 -2142.86
75850 5728.89 0 -2512.5
75900 5556.29 0 -2871.85
75950 5361.08 0 -3219.43
76000 5144.06 0 -3553.84
76050 4906.12 0 -3873.7
76100 4648.22 0 -4177.7
76150 4371.42 0 -4464.62
76200 4076.83 0 -4733.26
76250 3765.66 0 -4982.54
76300 3439.18 0 -5211.43
76350 3098.7 0 -5419
76400 2745.63 0 -5604.38
76450 2381.39 0 -5766.82
76500 2007.47 0 -5905.65
76550 1625.38 0 -6020.28
76600 1236.7 0 -6110.25
76650 842.99 0 -6175.16
76700 445.87 0 -6214.74
76750 46.9585 0 -6228.81
76800 -352.112 0 -6217.29
76850 -749.708 0 -6180.22
76900 -1144.2 0 -6117.71
76950 -1533.95 0 -6030.01
77000 -1917.38 0 -5917.46
77050 -2292.88 0 -5780.49
77100 -2658.91 0 -5619.63
77150 -3013.94 0 -5435.54
77200 -3356.5 0 -5228.94
77250 -3685.15 0 -5000.67
77300 -3998.52 0 -4751.64
77350 -4295.28 0 -4482.86
77400 -4574.19 0 -4195.44
77450 -4834.07 0 -3890.54
77500 -5073.8 0 -3569.42
77550 -5292.36 0 -3233.4
77600 -5488.82 0 -2883.86
77650 -5662.33 0 -2522.27
77700 -5812.14 0 -2150.12
77750 -5937.59 0 -1768.96
77800 -6038.13 0 -1380.39
77850 -6113.32 0 -986.04
77900 -6162.82 0 -587.567
77950 -6186.39 0 -186.648
78000 -6183.93 0 215.025
78050 -6155.42 0 615.755
78100 -6100.97 0 1013.85
78150 -6020.8 0 1407.61
78200 -5915.23 0 1795.39
78250 -5784.71 0 2175.53
78300 -5629.77 0 2546.41
78350 -5451.06 0 2906.48
78400 -5249.34 0 3254.19
78450 -5025.45 0 3588.07
78500 -4780.35 0 3906.71
78550 -4515.07 0 4208.76
78600 -4230.73 0 4492.93
78650 -3928.54 0 4758.03
78700 -3609.77 0 5002.93
78750 -3275.77 0 5226.59
78800 -2927.96 0 5428.08
78850 -2567.81 0 5606.53
78900 -2196.85 0 5761.2
78950 -1816.63 0 5891.43
79000 -1428.77 0 5996.68
79050 -1034.91 0 6076.5
79100 -636.707 0 6130.54
79150 -235.849 0 6158.59
79200 165.971 0 6160.53
79250 567.056 0 6136.33
79300 965.71 0 6086.11
79350 1360.25 0 6010.07
79400 1749 0 5908.53
79450 2130.31 0 5781.91
79500 2502.58 0 5630.75
79550 2864.22 0 5455.67
79600 3213.7 0 5257.41
79650 3549.53 0 5036.82
79700 3870.27 0 4794.81
79750 4174.57 0 4532.4
79800 4461.13 0 4250.71
79850 4728.71 0 3950.93
79900 4976.17 0 3634.33
79950 5202.45 0 3302.25
80000 5406.59 0 2956.1
